#event-id; time
1; 247
2; 263
3; 266
4; 286
5; 289
6; 313
7; 316
8; 332
9; 335
10; 355
11; 447
12; 463
13; 466
14; 486
15; 489
16; 513
17; 516
18; 532
19; 535
20; 555
21; 47
22; 63
23; 66
24; 86
25; 89
26; 113
27; 116
28; 132
29; 135
30; 155
31; 0
32; 20
33; 23
34; 39
35; 42
36; 66
37; 69
38; 89
39; 92
40; 108
41; 200
42; 220
43; 223
44; 239
45; 242
46; 266
47; 269
48; 289
49; 292
50; 308
51; 400
52; 420
53; 423
54; 439
55; 442
56; 466
57; 469
58; 489
59; 492
60; 508
61; 475
62; 495
63; 498
64; 518
65; 521
66; 533
67; 536
68; 548
69; 551
70; 571
71; 574
72; 586
73; 589
74; 5
75; 8
76; 20
77; 23
78; 39
79; 183
80; 199
81; 202
82; 214
83; 217
84; 233
85; 236
86; 248
87; 251
88; 271
89; 274
90; 286
91; 289
92; 301
93; 304
94; 324
95; 327
96; 347
97; 365
98; 385
99; 388
100; 400
101; 403
102; 415
103; 418
104; 438
105; 441
106; 453
107; 456
108; 472
109; 475
110; 487
111; 490
112; 506
113; 565
114; 585
115; 588
116; 0
117; 3
118; 15
119; 18
120; 38
121; 41
122; 53
123; 56
124; 72
125; 75
126; 87
127; 90
128; 106
129; 165
130; 185
131; 188
132; 200
133; 203
134; 215
135; 218
136; 238
137; 241
138; 253
139; 256
140; 272
141; 275
142; 287
143; 290
144; 306
145; 49
146; 65
147; 68
148; 80
149; 83
150; 99
151; 102
152; 114
153; 117
154; 137
155; 140
156; 152
157; 155
158; 167
159; 170
160; 190
161; 249
162; 265
163; 268
164; 280
165; 283
166; 299
167; 302
168; 314
169; 317
170; 337
171; 340
172; 352
173; 355
174; 367
175; 370
176; 390
177; 449
178; 465
179; 468
180; 480
181; 483
182; 499
183; 502
184; 514
185; 517
186; 537
187; 540
188; 552
189; 555
190; 567
191; 570
192; 590
193; 0
194; 12
195; 15
196; 27
197; 30
198; 50
199; 53
200; 65
201; 68
202; 84
203; 87
204; 99
205; 102
206; 118
207; 300
208; 312
209; 315
210; 327
211; 330
212; 350
213; 353
214; 365
215; 368
216; 384
217; 387
218; 399
219; 402
220; 418
221; 0
222; 16
223; 19
224; 31
225; 34
226; 50
227; 53
228; 65
229; 68
230; 88
231; 91
232; 103
233; 106
234; 118
235; 300
236; 316
237; 319
238; 331
239; 334
240; 350
241; 353
242; 365
243; 368
244; 388
245; 391
246; 403
247; 406
248; 418
249; 401
250; 413
251; 416
252; 432
253; 435
254; 447
255; 450
256; 466
257; 469
258; 493
259; 496
260; 512
261; 515
262; 535
263; 538
264; 550
265; 523
266; 535
267; 538
268; 558
269; 561
270; 577
271; 580
272; 4
273; 7
274; 23
275; 26
276; 38
277; 41
278; 57
279; 60
280; 72
281; 503
282; 515
283; 518
284; 534
285; 537
286; 549
287; 552
288; 568
289; 571
290; 595
291; 598
292; 14
293; 17
294; 37
295; 40
296; 52
297; 55
298; 75
299; 78
300; 94
301; 238
302; 254
303; 257
304; 277
305; 280
306; 292
307; 295
308; 315
309; 318
310; 334
311; 337
312; 361
313; 364
314; 380
315; 383
316; 395
317; 398
318; 414
319; 417
320; 429
321; 157
322; 177
323; 180
324; 192
325; 195
326; 215
327; 218
328; 234
329; 237
330; 249
331; 252
332; 272
333; 275
334; 299
335; 457
336; 477
337; 480
338; 492
339; 495
340; 515
341; 518
342; 534
343; 537
344; 549
345; 552
346; 572
347; 575
348; 599
349; 416
350; 440
351; 443
352; 463
353; 466
354; 478
355; 481
356; 497
357; 500
358; 520
359; 523
360; 535
361; 538
362; 558
363; 116
364; 140
365; 143
366; 163
367; 166
368; 178
369; 181
370; 197
371; 200
372; 220
373; 223
374; 235
375; 238
376; 258
377; 202
378; 222
379; 225
380; 241
381; 244
382; 256
383; 259
384; 279
385; 282
386; 306
387; 309
388; 337
389; 378
390; 406
391; 409
392; 433
393; 436
394; 456
395; 459
396; 471
397; 474
398; 490
399; 493
400; 513
401; 73
402; 88
403; 91
404; 106
405; 109
406; 121
407; 124
408; 134
409; 137
410; 147
411; 373
412; 388
413; 391
414; 406
415; 409
416; 421
417; 424
418; 434
419; 437
420; 447
421; 8
422; 18
423; 21
424; 31
425; 34
426; 46
427; 49
428; 64
429; 67
430; 82
431; 308
432; 318
433; 321
434; 331
435; 334
436; 346
437; 349
438; 364
439; 367
440; 382
441; 0
442; 15
443; 18
444; 30
445; 33
446; 43
447; 46
448; 56
449; 59
450; 70
451; 73
452; 86
453; 0
454; 13
455; 16
456; 27
457; 30
458; 40
459; 43
460; 53
461; 56
462; 68
463; 71
464; 86
465; 317
466; 329
467; 332
468; 342
469; 345
470; 355
471; 358
472; 369
473; 372
474; 385
475; 383
476; 395
477; 398
478; 408
479; 411
480; 421
481; 424
482; 435
483; 438
484; 451
485; 450
486; 462
487; 465
488; 475
489; 478
490; 488
491; 491
492; 502
493; 505
494; 518
495; 516
496; 528
497; 531
498; 541
499; 544
500; 554
501; 557
502; 568
503; 571
504; 584
505; 583
506; 595
507; 598
508; 8
509; 11
510; 21
511; 24
512; 35
513; 38
514; 51
515; 50
516; 62
517; 65
518; 75
519; 78
520; 88
521; 91
522; 102
523; 105
524; 118
525; 116
526; 128
527; 131
528; 141
529; 144
530; 154
531; 157
532; 168
533; 171
534; 184
535; 183
536; 195
537; 198
538; 208
539; 211
540; 221
541; 224
542; 235
543; 238
544; 251
545; 250
546; 262
547; 265
548; 275
549; 278
550; 288
551; 291
552; 302
553; 305
554; 318
555; 105
556; 118
557; 121
558; 132
559; 135
560; 145
561; 148
562; 158
563; 161
564; 173
565; 171
566; 184
567; 187
568; 198
569; 201
570; 211
571; 214
572; 224
573; 227
574; 239
575; 238
576; 251
577; 254
578; 265
579; 268
580; 278
581; 281
582; 291
583; 294
584; 306
585; 304
586; 317
587; 320
588; 331
589; 334
590; 344
591; 347
592; 357
593; 360
594; 372
595; 371
596; 384
597; 387
598; 398
599; 401
600; 411
601; 414
602; 424
603; 427
604; 439
605; 438
606; 451
607; 454
608; 465
609; 468
610; 478
611; 481
612; 491
613; 494
614; 506
615; 504
616; 517
617; 520
618; 531
619; 534
620; 544
621; 547
622; 557
623; 560
624; 572
625; 571
626; 584
627; 587
628; 598
629; 1
630; 11
631; 14
632; 24
633; 27
634; 39
635; 38
636; 51
637; 54
638; 65
639; 68
640; 78
641; 81
642; 91
643; 94
644; 106
645; 0
646; 11
647; 14
648; 27
649; 30
650; 44
651; 47
652; 58
653; 61
654; 75
655; 78
656; 88
657; 91
658; 103
659; 300
660; 311
661; 314
662; 327
663; 330
664; 344
665; 347
666; 358
667; 361
668; 375
669; 378
670; 388
671; 391
672; 403
673; 0
674; 12
675; 15
676; 25
677; 28
678; 42
679; 45
680; 56
681; 59
682; 73
683; 76
684; 89
685; 92
686; 103
687; 300
688; 312
689; 315
690; 325
691; 328
692; 342
693; 345
694; 356
695; 359
696; 373
697; 376
698; 389
699; 392
700; 403
701; 578
702; 592
703; 595
704; 6
705; 9
706; 23
707; 26
708; 36
709; 39
710; 51
711; 128
712; 142
713; 145
714; 156
715; 159
716; 173
717; 176
718; 186
719; 189
720; 201
721; 278
722; 292
723; 295
724; 306
725; 309
726; 323
727; 326
728; 336
729; 339
730; 351
731; 428
732; 442
733; 445
734; 456
735; 459
736; 473
737; 476
738; 486
739; 489
740; 501
741; 33
742; 45
743; 48
744; 58
745; 61
746; 75
747; 78
748; 89
749; 92
750; 106
751; 183
752; 195
753; 198
754; 208
755; 211
756; 225
757; 228
758; 239
759; 242
760; 256
761; 333
762; 345
763; 348
764; 358
765; 361
766; 375
767; 378
768; 389
769; 392
770; 406
771; 483
772; 495
773; 498
774; 508
775; 511
776; 525
777; 528
778; 539
779; 542
780; 556
781; 194
782; 208
783; 211
784; 222
785; 225
786; 239
787; 242
788; 252
789; 255
790; 267
791; 270
792; 281
793; 494
794; 508
795; 511
796; 522
797; 525
798; 539
799; 542
800; 552
801; 555
802; 567
803; 570
804; 581
805; 307
806; 318
807; 321
808; 333
809; 336
810; 346
811; 349
812; 363
813; 366
814; 377
815; 380
816; 394
817; 7
818; 18
819; 21
820; 33
821; 36
822; 46
823; 49
824; 63
825; 66
826; 77
827; 80
828; 94
829; 415
830; 427
831; 430
832; 442
833; 445
834; 457
835; 460
836; 478
837; 481
838; 498
839; 501
840; 513
841; 516
842; 530
843; 533
844; 547
845; 550
846; 567
847; 570
848; 583
849; 500
850; 512
851; 515
852; 527
853; 530
854; 542
855; 545
856; 563
857; 566
858; 583
859; 586
860; 598
861; 1
862; 15
863; 18
864; 32
865; 35
866; 52
867; 55
868; 68
869; 586
870; 598
871; 1
872; 13
873; 16
874; 28
875; 31
876; 49
877; 52
878; 69
879; 72
880; 84
881; 87
882; 101
883; 104
884; 118
885; 121
886; 138
887; 141
888; 154
889; 72
890; 84
891; 87
892; 99
893; 102
894; 114
895; 117
896; 135
897; 138
898; 155
899; 158
900; 170
901; 173
902; 187
903; 190
904; 204
905; 207
906; 224
907; 227
908; 240
909; 157
910; 169
911; 172
912; 184
913; 187
914; 199
915; 202
916; 220
917; 223
918; 240
919; 243
920; 255
921; 258
922; 272
923; 275
924; 289
925; 292
926; 309
927; 312
928; 325
929; 243
930; 255
931; 258
932; 270
933; 273
934; 285
935; 288
936; 306
937; 309
938; 326
939; 329
940; 341
941; 344
942; 358
943; 361
944; 375
945; 378
946; 395
947; 398
948; 411
949; 329
950; 341
951; 344
952; 356
953; 359
954; 371
955; 374
956; 392
957; 395
958; 412
959; 415
960; 427
961; 430
962; 444
963; 447
964; 461
965; 464
966; 481
967; 484
968; 497
969; 476
970; 489
971; 492
972; 509
973; 512
974; 526
975; 529
976; 543
977; 546
978; 558
979; 561
980; 578
981; 581
982; 599
983; 2
984; 14
985; 17
986; 29
987; 32
988; 44
989; 561
990; 574
991; 577
992; 594
993; 597
994; 11
995; 14
996; 28
997; 31
998; 43
999; 46
1000; 63
1001; 66
1002; 84
1003; 87
1004; 99
1005; 102
1006; 114
1007; 117
1008; 129
1009; 47
1010; 60
1011; 63
1012; 80
1013; 83
1014; 97
1015; 100
1016; 114
1017; 117
1018; 129
1019; 132
1020; 149
1021; 152
1022; 170
1023; 173
1024; 185
1025; 188
1026; 200
1027; 203
1028; 215
1029; 133
1030; 146
1031; 149
1032; 166
1033; 169
1034; 183
1035; 186
1036; 200
1037; 203
1038; 215
1039; 218
1040; 235
1041; 238
1042; 256
1043; 259
1044; 271
1045; 274
1046; 286
1047; 289
1048; 301
1049; 218
1050; 231
1051; 234
1052; 251
1053; 254
1054; 268
1055; 271
1056; 285
1057; 288
1058; 300
1059; 303
1060; 320
1061; 323
1062; 341
1063; 344
1064; 356
1065; 359
1066; 371
1067; 374
1068; 386
1069; 304
1070; 317
1071; 320
1072; 337
1073; 340
1074; 354
1075; 357
1076; 371
1077; 374
1078; 386
1079; 389
1080; 406
1081; 409
1082; 427
1083; 430
1084; 442
1085; 445
1086; 457
1087; 460
1088; 472
1089; 390
1090; 403
1091; 406
1092; 423
1093; 426
1094; 440
1095; 443
1096; 457
1097; 460
1098; 472
1099; 475
1100; 492
1101; 495
1102; 513
1103; 516
1104; 528
1105; 531
1106; 543
1107; 546
1108; 558
1109; 0
1110; 17
1111; 20
1112; 32
1113; 35
1114; 49
1115; 52
1116; 66
1117; 69
1118; 86
1119; 89
1120; 102
1121; 0
1122; 13
1123; 16
1124; 33
1125; 36
1126; 50
1127; 53
1128; 67
1129; 70
1130; 82
1131; 85
1132; 102
1133; 490
1134; 507
1135; 510
1136; 522
1137; 525
1138; 539
1139; 542
1140; 556
1141; 559
1142; 576
1143; 579
1144; 592
1145; 595
1146; 43
1147; 46
1148; 62
1149; 575
1150; 592
1151; 595
1152; 7
1153; 10
1154; 24
1155; 27
1156; 41
1157; 44
1158; 61
1159; 64
1160; 77
1161; 80
1162; 128
1163; 131
1164; 147
1165; 61
1166; 78
1167; 81
1168; 93
1169; 96
1170; 110
1171; 113
1172; 127
1173; 130
1174; 147
1175; 150
1176; 163
1177; 166
1178; 214
1179; 217
1180; 233
1181; 147
1182; 164
1183; 167
1184; 179
1185; 182
1186; 196
1187; 199
1188; 213
1189; 216
1190; 233
1191; 236
1192; 249
1193; 252
1194; 300
1195; 303
1196; 319
1197; 232
1198; 249
1199; 252
1200; 264
1201; 267
1202; 281
1203; 284
1204; 298
1205; 301
1206; 318
1207; 321
1208; 334
1209; 337
1210; 385
1211; 388
1212; 404
1213; 318
1214; 335
1215; 338
1216; 350
1217; 353
1218; 367
1219; 370
1220; 384
1221; 387
1222; 404
1223; 407
1224; 420
1225; 423
1226; 471
1227; 474
1228; 490
1229; 404
1230; 421
1231; 424
1232; 436
1233; 439
1234; 453
1235; 456
1236; 470
1237; 473
1238; 490
1239; 493
1240; 506
1241; 509
1242; 557
1243; 560
1244; 576
1245; 142
1246; 158
1247; 161
1248; 209
1249; 212
1250; 225
1251; 228
1252; 245
1253; 248
1254; 262
1255; 265
1256; 279
1257; 282
1258; 294
1259; 297
1260; 314
1261; 227
1262; 243
1263; 246
1264; 294
1265; 297
1266; 310
1267; 313
1268; 330
1269; 333
1270; 347
1271; 350
1272; 364
1273; 367
1274; 379
1275; 382
1276; 399
1277; 313
1278; 329
1279; 332
1280; 380
1281; 383
1282; 396
1283; 399
1284; 416
1285; 419
1286; 433
1287; 436
1288; 450
1289; 453
1290; 465
1291; 468
1292; 485
1293; 399
1294; 415
1295; 418
1296; 466
1297; 469
1298; 482
1299; 485
1300; 502
1301; 505
1302; 519
1303; 522
1304; 536
1305; 539
1306; 551
1307; 554
1308; 571
1309; 484
1310; 500
1311; 503
1312; 551
1313; 554
1314; 567
1315; 570
1316; 587
1317; 590
1318; 4
1319; 7
1320; 21
1321; 24
1322; 36
1323; 39
1324; 56
1325; 570
1326; 586
1327; 589
1328; 37
1329; 40
1330; 53
1331; 56
1332; 73
1333; 76
1334; 90
1335; 93
1336; 107
1337; 110
1338; 122
1339; 125
1340; 142
1341; 56
1342; 72
1343; 75
1344; 123
1345; 126
1346; 139
1347; 142
1348; 159
1349; 162
1350; 176
1351; 179
1352; 193
1353; 196
1354; 208
1355; 211
1356; 228
1357; 457
1358; 521
1359; 524
1360; 540
1361; 543
1362; 591
1363; 594
1364; 34
1365; 157
1366; 221
1367; 224
1368; 240
1369; 243
1370; 291
1371; 294
1372; 334
1373; 126
1374; 166
1375; 169
1376; 217
1377; 220
1378; 236
1379; 239
1380; 303
1381; 426
1382; 466
1383; 469
1384; 517
1385; 520
1386; 536
1387; 539
1388; 3
