# line-id; line-code; direction; stop-order; stop-id; frequency; arrival_time; departure_time; line-repetition
1; 1H; >; 1; 18; 3; 22; 22; 1
1; 1H; >; 2; 13; 3; 28; 28; 1
1; 1H; >; 3; 8; 3; 34; 34; 1
1; 1H; >; 4; 7; 3; 40; 40; 1
1; 1H; >; 5; 6; 3; 46; 46; 1
1; 1H; >; 6; 1; 3; 52; 52; 1
1; 1H; >; 7; 2; 3; 58; 58; 1
1; 1H; >; 8; 3; 3; 4; 4; 1
1; 1H; >; 1; 18; 3; 42; 42; 2
1; 1H; >; 2; 13; 3; 48; 48; 2
1; 1H; >; 3; 8; 3; 54; 54; 2
1; 1H; >; 4; 7; 3; 0; 0; 2
1; 1H; >; 5; 6; 3; 6; 6; 2
1; 1H; >; 6; 1; 3; 12; 12; 2
1; 1H; >; 7; 2; 3; 18; 18; 2
1; 1H; >; 8; 3; 3; 24; 24; 2
1; 1H; >; 1; 18; 3; 2; 2; 3
1; 1H; >; 2; 13; 3; 8; 8; 3
1; 1H; >; 3; 8; 3; 14; 14; 3
1; 1H; >; 4; 7; 3; 20; 20; 3
1; 1H; >; 5; 6; 3; 26; 26; 3
1; 1H; >; 6; 1; 3; 32; 32; 3
1; 1H; >; 7; 2; 3; 38; 38; 3
1; 1H; >; 8; 3; 3; 44; 44; 3
1; 1R; <; 1; 3; 3; 0; 0; 1
1; 1R; <; 2; 2; 3; 6; 6; 1
1; 1R; <; 3; 1; 3; 12; 12; 1
1; 1R; <; 4; 6; 3; 18; 18; 1
1; 1R; <; 5; 7; 3; 24; 24; 1
1; 1R; <; 6; 8; 3; 30; 30; 1
1; 1R; <; 7; 13; 3; 36; 36; 1
1; 1R; <; 8; 18; 3; 42; 42; 1
1; 1R; <; 1; 3; 3; 20; 20; 2
1; 1R; <; 2; 2; 3; 26; 26; 2
1; 1R; <; 3; 1; 3; 32; 32; 2
1; 1R; <; 4; 6; 3; 38; 38; 2
1; 1R; <; 5; 7; 3; 44; 44; 2
1; 1R; <; 6; 8; 3; 50; 50; 2
1; 1R; <; 7; 13; 3; 56; 56; 2
1; 1R; <; 8; 18; 3; 2; 2; 2
1; 1R; <; 1; 3; 3; 40; 40; 3
1; 1R; <; 2; 2; 3; 46; 46; 3
1; 1R; <; 3; 1; 3; 52; 52; 3
1; 1R; <; 4; 6; 3; 58; 58; 3
1; 1R; <; 5; 7; 3; 4; 4; 3
1; 1R; <; 6; 8; 3; 10; 10; 3
1; 1R; <; 7; 13; 3; 16; 16; 3
1; 1R; <; 8; 18; 3; 22; 22; 3
13; 13H; >; 1; 25; 3; 24; 24; 1
13; 13H; >; 2; 24; 3; 30; 30; 1
13; 13H; >; 3; 23; 3; 36; 36; 1
13; 13H; >; 4; 18; 3; 42; 42; 1
13; 13H; >; 5; 17; 3; 48; 48; 1
13; 13H; >; 6; 16; 3; 54; 54; 1
13; 13H; >; 1; 25; 3; 44; 44; 2
13; 13H; >; 2; 24; 3; 50; 50; 2
13; 13H; >; 3; 23; 3; 56; 56; 2
13; 13H; >; 4; 18; 3; 2; 2; 2
13; 13H; >; 5; 17; 3; 8; 8; 2
13; 13H; >; 6; 16; 3; 14; 14; 2
13; 13H; >; 1; 25; 3; 4; 4; 3
13; 13H; >; 2; 24; 3; 10; 10; 3
13; 13H; >; 3; 23; 3; 16; 16; 3
13; 13H; >; 4; 18; 3; 22; 22; 3
13; 13H; >; 5; 17; 3; 28; 28; 3
13; 13H; >; 6; 16; 3; 34; 34; 3
13; 13R; <; 1; 16; 3; 10; 10; 1
13; 13R; <; 2; 17; 3; 16; 16; 1
13; 13R; <; 3; 18; 3; 22; 22; 1
13; 13R; <; 4; 23; 3; 28; 28; 1
13; 13R; <; 5; 24; 3; 34; 34; 1
13; 13R; <; 6; 25; 3; 40; 40; 1
13; 13R; <; 1; 16; 3; 30; 30; 2
13; 13R; <; 2; 17; 3; 36; 36; 2
13; 13R; <; 3; 18; 3; 42; 42; 2
13; 13R; <; 4; 23; 3; 48; 48; 2
13; 13R; <; 5; 24; 3; 54; 54; 2
13; 13R; <; 6; 25; 3; 0; 0; 2
13; 13R; <; 1; 16; 3; 50; 50; 3
13; 13R; <; 2; 17; 3; 56; 56; 3
13; 13R; <; 3; 18; 3; 2; 2; 3
13; 13R; <; 4; 23; 3; 8; 8; 3
13; 13R; <; 5; 24; 3; 14; 14; 3
13; 13R; <; 6; 25; 3; 20; 20; 3
15; 15H; >; 1; 22; 1; 30; 30; 1
15; 15H; >; 2; 23; 1; 36; 36; 1
15; 15H; >; 3; 18; 1; 42; 42; 1
15; 15H; >; 4; 17; 1; 48; 48; 1
15; 15H; >; 5; 12; 1; 54; 54; 1
15; 15H; >; 6; 11; 1; 0; 0; 1
15; 15R; <; 1; 11; 1; 24; 24; 1
15; 15R; <; 2; 12; 1; 30; 30; 1
15; 15R; <; 3; 17; 1; 36; 36; 1
15; 15R; <; 4; 18; 1; 42; 42; 1
15; 15R; <; 5; 23; 1; 48; 48; 1
15; 15R; <; 6; 22; 1; 54; 54; 1
16; 16H; >; 1; 23; 1; 12; 12; 1
16; 16H; >; 2; 22; 1; 18; 18; 1
16; 16H; >; 3; 21; 1; 24; 24; 1
16; 16H; >; 4; 16; 1; 30; 30; 1
16; 16H; >; 5; 11; 1; 36; 36; 1
16; 16H; >; 6; 12; 1; 42; 42; 1
16; 16R; <; 1; 12; 1; 26; 26; 1
16; 16R; <; 2; 11; 1; 32; 32; 1
16; 16R; <; 3; 16; 1; 38; 38; 1
16; 16R; <; 4; 21; 1; 44; 44; 1
16; 16R; <; 5; 22; 1; 50; 50; 1
16; 16R; <; 6; 23; 1; 56; 56; 1
18; 18H; >; 1; 20; 1; 30; 30; 1
18; 18H; >; 2; 19; 1; 36; 36; 1
18; 18H; >; 3; 14; 1; 42; 42; 1
18; 18H; >; 4; 9; 1; 48; 48; 1
18; 18H; >; 5; 8; 1; 54; 54; 1
18; 18H; >; 6; 13; 1; 0; 0; 1
18; 18R; <; 1; 13; 1; 24; 24; 1
18; 18R; <; 2; 8; 1; 30; 30; 1
18; 18R; <; 3; 9; 1; 36; 36; 1
18; 18R; <; 4; 14; 1; 42; 42; 1
18; 18R; <; 5; 19; 1; 48; 48; 1
18; 18R; <; 6; 20; 1; 54; 54; 1
22; 22H; >; 1; 17; 1; 36; 36; 1
22; 22H; >; 2; 18; 1; 42; 42; 1
22; 22H; >; 3; 13; 1; 48; 48; 1
22; 22H; >; 4; 8; 1; 54; 54; 1
22; 22H; >; 5; 9; 1; 0; 0; 1
22; 22H; >; 6; 10; 1; 6; 6; 1
22; 22R; <; 1; 10; 1; 18; 18; 1
22; 22R; <; 2; 9; 1; 24; 24; 1
22; 22R; <; 3; 8; 1; 30; 30; 1
22; 22R; <; 4; 13; 1; 36; 36; 1
22; 22R; <; 5; 18; 1; 42; 42; 1
22; 22R; <; 6; 17; 1; 48; 48; 1
30; 30H; >; 1; 15; 3; 14; 14; 1
30; 30H; >; 2; 14; 3; 20; 20; 1
30; 30H; >; 3; 13; 3; 26; 26; 1
30; 30H; >; 4; 8; 3; 32; 32; 1
30; 30H; >; 5; 3; 3; 38; 38; 1
30; 30H; >; 6; 2; 3; 44; 44; 1
30; 30H; >; 1; 15; 3; 34; 34; 2
30; 30H; >; 2; 14; 3; 40; 40; 2
30; 30H; >; 3; 13; 3; 46; 46; 2
30; 30H; >; 4; 8; 3; 52; 52; 2
30; 30H; >; 5; 3; 3; 58; 58; 2
30; 30H; >; 6; 2; 3; 4; 4; 2
30; 30H; >; 1; 15; 3; 54; 54; 3
30; 30H; >; 2; 14; 3; 0; 0; 3
30; 30H; >; 3; 13; 3; 6; 6; 3
30; 30H; >; 4; 8; 3; 12; 12; 3
30; 30H; >; 5; 3; 3; 18; 18; 3
30; 30H; >; 6; 2; 3; 24; 24; 3
30; 30R; <; 1; 2; 3; 18; 18; 1
30; 30R; <; 2; 3; 3; 24; 24; 1
30; 30R; <; 3; 8; 3; 30; 30; 1
30; 30R; <; 4; 13; 3; 36; 36; 1
30; 30R; <; 5; 14; 3; 42; 42; 1
30; 30R; <; 6; 15; 3; 48; 48; 1
30; 30R; <; 1; 2; 3; 38; 38; 2
30; 30R; <; 2; 3; 3; 44; 44; 2
30; 30R; <; 3; 8; 3; 50; 50; 2
30; 30R; <; 4; 13; 3; 56; 56; 2
30; 30R; <; 5; 14; 3; 2; 2; 2
30; 30R; <; 6; 15; 3; 8; 8; 2
30; 30R; <; 1; 2; 3; 58; 58; 3
30; 30R; <; 2; 3; 3; 4; 4; 3
30; 30R; <; 3; 8; 3; 10; 10; 3
30; 30R; <; 4; 13; 3; 16; 16; 3
30; 30R; <; 5; 14; 3; 22; 22; 3
30; 30R; <; 6; 15; 3; 28; 28; 3
31; 31H; >; 1; 12; 2; 12; 12; 1
31; 31H; >; 2; 13; 2; 18; 18; 1
31; 31H; >; 3; 8; 2; 24; 24; 1
31; 31H; >; 4; 3; 2; 30; 30; 1
31; 31H; >; 5; 4; 2; 36; 36; 1
31; 31H; >; 6; 5; 2; 42; 42; 1
31; 31H; >; 1; 12; 2; 42; 42; 2
31; 31H; >; 2; 13; 2; 48; 48; 2
31; 31H; >; 3; 8; 2; 54; 54; 2
31; 31H; >; 4; 3; 2; 0; 0; 2
31; 31H; >; 5; 4; 2; 6; 6; 2
31; 31H; >; 6; 5; 2; 12; 12; 2
31; 31R; <; 1; 5; 2; 22; 22; 1
31; 31R; <; 2; 4; 2; 28; 28; 1
31; 31R; <; 3; 3; 2; 34; 34; 1
31; 31R; <; 4; 8; 2; 40; 40; 1
31; 31R; <; 5; 13; 2; 46; 46; 1
31; 31R; <; 6; 12; 2; 52; 52; 1
31; 31R; <; 1; 5; 2; 52; 52; 2
31; 31R; <; 2; 4; 2; 58; 58; 2
31; 31R; <; 3; 3; 2; 4; 4; 2
31; 31R; <; 4; 8; 2; 10; 10; 2
31; 31R; <; 5; 13; 2; 16; 16; 2
31; 31R; <; 6; 12; 2; 22; 22; 2
35; 35H; >; 1; 1; 1; 0; 0; 1
35; 35H; >; 2; 2; 1; 6; 6; 1
35; 35H; >; 3; 3; 1; 12; 12; 1
35; 35H; >; 4; 8; 1; 18; 18; 1
35; 35H; >; 5; 13; 1; 24; 24; 1
35; 35R; <; 1; 13; 1; 0; 0; 1
35; 35R; <; 2; 8; 1; 6; 6; 1
35; 35R; <; 3; 3; 1; 12; 12; 1
35; 35R; <; 4; 2; 1; 18; 18; 1
35; 35R; <; 5; 1; 1; 24; 24; 1
37; 37H; >; 1; 13; 4; 46; 46; 1
37; 37H; >; 2; 18; 4; 52; 52; 1
37; 37H; >; 1; 13; 4; 1; 1; 2
37; 37H; >; 2; 18; 4; 7; 7; 2
37; 37H; >; 1; 13; 4; 16; 16; 3
37; 37H; >; 2; 18; 4; 22; 22; 3
37; 37H; >; 1; 13; 4; 31; 31; 4
37; 37H; >; 2; 18; 4; 37; 37; 4
37; 37R; <; 1; 18; 4; 42; 42; 1
37; 37R; <; 2; 13; 4; 48; 48; 1
37; 37R; <; 1; 18; 4; 57; 57; 2
37; 37R; <; 2; 13; 4; 3; 3; 2
37; 37R; <; 1; 18; 4; 12; 12; 3
37; 37R; <; 2; 13; 4; 18; 18; 3
37; 37R; <; 1; 18; 4; 27; 27; 4
37; 37R; <; 2; 13; 4; 33; 33; 4
40; 40H; >; 1; 18; 3; 42; 42; 1
40; 40H; >; 2; 19; 3; 48; 48; 1
40; 40H; >; 1; 18; 3; 2; 2; 2
40; 40H; >; 2; 19; 3; 8; 8; 2
40; 40H; >; 1; 18; 3; 22; 22; 3
40; 40H; >; 2; 19; 3; 28; 28; 3
40; 40R; <; 1; 19; 3; 36; 36; 1
40; 40R; <; 2; 18; 3; 42; 42; 1
40; 40R; <; 1; 19; 3; 56; 56; 2
40; 40R; <; 2; 18; 3; 2; 2; 2
40; 40R; <; 1; 19; 3; 16; 16; 3
40; 40R; <; 2; 18; 3; 22; 22; 3
42; 42H; >; 1; 8; 1; 10; 10; 1
42; 42H; >; 2; 9; 1; 16; 16; 1
42; 42R; <; 1; 9; 1; 28; 28; 1
42; 42R; <; 2; 8; 1; 34; 34; 1
