#event-id; time
1; 22
2; 28
3; 28
4; 34
5; 34
6; 40
7; 40
8; 46
9; 46
10; 52
11; 52
12; 58
13; 58
14; 4
15; 42
16; 48
17; 48
18; 54
19; 54
20; 0
21; 0
22; 6
23; 6
24; 12
25; 12
26; 18
27; 18
28; 24
29; 2
30; 8
31; 8
32; 14
33; 14
34; 20
35; 20
36; 26
37; 26
38; 32
39; 32
40; 38
41; 38
42; 44
43; 0
44; 6
45; 6
46; 12
47; 12
48; 18
49; 18
50; 24
51; 24
52; 30
53; 30
54; 36
55; 36
56; 42
57; 20
58; 26
59; 26
60; 32
61; 32
62; 38
63; 38
64; 44
65; 44
66; 50
67; 50
68; 56
69; 56
70; 2
71; 40
72; 46
73; 46
74; 52
75; 52
76; 58
77; 58
78; 4
79; 4
80; 10
81; 10
82; 16
83; 16
84; 22
85; 24
86; 30
87; 30
88; 36
89; 36
90; 42
91; 42
92; 48
93; 48
94; 54
95; 44
96; 50
97; 50
98; 56
99; 56
100; 2
101; 2
102; 8
103; 8
104; 14
105; 4
106; 10
107; 10
108; 16
109; 16
110; 22
111; 22
112; 28
113; 28
114; 34
115; 10
116; 16
117; 16
118; 22
119; 22
120; 28
121; 28
122; 34
123; 34
124; 40
125; 30
126; 36
127; 36
128; 42
129; 42
130; 48
131; 48
132; 54
133; 54
134; 0
135; 50
136; 56
137; 56
138; 2
139; 2
140; 8
141; 8
142; 14
143; 14
144; 20
145; 30
146; 36
147; 36
148; 42
149; 42
150; 48
151; 48
152; 54
153; 54
154; 0
155; 24
156; 30
157; 30
158; 36
159; 36
160; 42
161; 42
162; 48
163; 48
164; 54
165; 12
166; 18
167; 18
168; 24
169; 24
170; 30
171; 30
172; 36
173; 36
174; 42
175; 26
176; 32
177; 32
178; 38
179; 38
180; 44
181; 44
182; 50
183; 50
184; 56
185; 30
186; 36
187; 36
188; 42
189; 42
190; 48
191; 48
192; 54
193; 54
194; 0
195; 24
196; 30
197; 30
198; 36
199; 36
200; 42
201; 42
202; 48
203; 48
204; 54
205; 36
206; 42
207; 42
208; 48
209; 48
210; 54
211; 54
212; 0
213; 0
214; 6
215; 18
216; 24
217; 24
218; 30
219; 30
220; 36
221; 36
222; 42
223; 42
224; 48
225; 14
226; 20
227; 20
228; 26
229; 26
230; 32
231; 32
232; 38
233; 38
234; 44
235; 34
236; 40
237; 40
238; 46
239; 46
240; 52
241; 52
242; 58
243; 58
244; 4
245; 54
246; 0
247; 0
248; 6
249; 6
250; 12
251; 12
252; 18
253; 18
254; 24
255; 18
256; 24
257; 24
258; 30
259; 30
260; 36
261; 36
262; 42
263; 42
264; 48
265; 38
266; 44
267; 44
268; 50
269; 50
270; 56
271; 56
272; 2
273; 2
274; 8
275; 58
276; 4
277; 4
278; 10
279; 10
280; 16
281; 16
282; 22
283; 22
284; 28
285; 12
286; 18
287; 18
288; 24
289; 24
290; 30
291; 30
292; 36
293; 36
294; 42
295; 42
296; 48
297; 48
298; 54
299; 54
300; 0
301; 0
302; 6
303; 6
304; 12
305; 22
306; 28
307; 28
308; 34
309; 34
310; 40
311; 40
312; 46
313; 46
314; 52
315; 52
316; 58
317; 58
318; 4
319; 4
320; 10
321; 10
322; 16
323; 16
324; 22
325; 0
326; 6
327; 6
328; 12
329; 12
330; 18
331; 18
332; 24
333; 0
334; 6
335; 6
336; 12
337; 12
338; 18
339; 18
340; 24
341; 46
342; 52
343; 1
344; 7
345; 16
346; 22
347; 31
348; 37
349; 42
350; 48
351; 57
352; 3
353; 12
354; 18
355; 27
356; 33
357; 42
358; 48
359; 2
360; 8
361; 22
362; 28
363; 36
364; 42
365; 56
366; 2
367; 16
368; 22
369; 10
370; 16
371; 28
372; 34
